#Quelle: http://www.brefeld.homepage.t-online.de/eurojackpot-quoten.html
#Zahl	Beliebtheit	Zahl	Beliebtheit	Zahl	Beliebtheit	Zahl	Beliebtheit
41	0.820	39	0.911	28	0.993	14	1.073
50	0.837	47	0.916	32	0.997	17	1.079
40	0.844	1	0.930	16	1.000	27	1.079
30	0.851	44	0.931	26	1.000	4	1.081
43	0.880	21	0.945	37	1.035	11	1.117
49	0.883	36	0.946	24	1.036	5	1.127
48	0.886	35	0.956	29	1.036	23	1.131
42	0.899	34	0.960	22	1.041	33	1.132
45	0.900	15	0.975	8	1.043	9	1.133
20	0.910	38	0.977	6	1.046	19	1.139
31	0.910	2	0.981	18	1.056	13	1.150
46	0.911	10	0.988	25	1.070	3	1.178
12	1.195
7	1.261
